training_accuracies_1:77.465
training_loss_1:0.012103353523214658
testing_accuracies_1:91.99
testing_loss_1:0.28810726318359375
training_accuracies_2:88.96833333333333
training_loss_2:0.005863614335407813
testing_accuracies_2:93.31
testing_loss_2:0.23058627624511718
training_accuracies_3:90.605
training_loss_3:0.0050133646694322425
testing_accuracies_3:93.98
testing_loss_3:0.20202284545898438
training_accuracies_4:91.37833333333333
training_loss_4:0.004604234951858719
testing_accuracies_4:94.59
testing_loss_4:0.18755250701904297
training_accuracies_5:91.875
training_loss_5:0.004343728022649884
testing_accuracies_5:94.88
testing_loss_5:0.1777971862792969
training_accuracies_6:92.14333333333333
training_loss_6:0.00415298015276591
testing_accuracies_6:94.97
testing_loss_6:0.1713124313354492
training_accuracies_7:92.48666666666666
training_loss_7:0.004036634921034177
testing_accuracies_7:95.08
testing_loss_7:0.16736502227783204
training_accuracies_8:92.56833333333333
training_loss_8:0.003995013349503279
testing_accuracies_8:95.14
testing_loss_8:0.16499714813232422
training_accuracies_9:92.61166666666666
training_loss_9:0.0039486714361235496
testing_accuracies_9:95.22
testing_loss_9:0.16333595428466796
training_accuracies_10:92.73833333333333
training_loss_10:0.0038807409467796483
testing_accuracies_10:95.25
testing_loss_10:0.16212845153808594
training_accuracies_11:92.71833333333333
training_loss_11:0.003867003232985735
testing_accuracies_11:95.3
testing_loss_11:0.16115780944824218
training_accuracies_12:92.85166666666667
training_loss_12:0.0038378517751271528
testing_accuracies_12:95.31
testing_loss_12:0.16057463836669922
training_accuracies_13:92.865
training_loss_13:0.0038723576750606297
testing_accuracies_13:95.33
testing_loss_13:0.16007768096923827
training_accuracies_14:92.81833333333333
training_loss_14:0.003861119198302428
testing_accuracies_14:95.35
testing_loss_14:0.15975757904052734
training_accuracies_15:92.915
training_loss_15:0.0038174568141500155
testing_accuracies_15:95.36
testing_loss_15:0.15954547729492188
