training_accuracies_1:75.12666666666667
training_loss_1:0.013242448305835326
testing_accuracies_1:91.47
testing_loss_1:0.3046749755859375
training_accuracies_2:88.13166666666666
training_loss_2:0.006215158857653539
testing_accuracies_2:92.71
testing_loss_2:0.24416809997558594
training_accuracies_3:89.92166666666667
training_loss_3:0.005288003071025014
testing_accuracies_3:93.72
testing_loss_3:0.21518618927001953
training_accuracies_4:90.84166666666667
training_loss_4:0.004866483029598991
testing_accuracies_4:94.14
testing_loss_4:0.19832374572753905
training_accuracies_5:91.45333333333333
training_loss_5:0.004551310167461633
testing_accuracies_5:94.54
testing_loss_5:0.18702910919189453
training_accuracies_6:91.87833333333333
training_loss_6:0.0043704057041555645
testing_accuracies_6:94.72
testing_loss_6:0.18107598266601563
training_accuracies_7:91.95166666666667
training_loss_7:0.004282551274821162
testing_accuracies_7:94.84
testing_loss_7:0.17604766693115234
training_accuracies_8:91.95
training_loss_8:0.004197796679971119
testing_accuracies_8:94.89
testing_loss_8:0.17325548248291014
training_accuracies_9:92.225
training_loss_9:0.004117969669029117
testing_accuracies_9:94.92
testing_loss_9:0.17155508422851562
training_accuracies_10:92.19166666666666
training_loss_10:0.004106944871507585
testing_accuracies_10:94.97
testing_loss_10:0.17051204528808594
training_accuracies_11:92.36333333333333
training_loss_11:0.004060438863560558
testing_accuracies_11:94.97
testing_loss_11:0.16944439086914062
training_accuracies_12:92.31166666666667
training_loss_12:0.004067797099115948
testing_accuracies_12:95.01
testing_loss_12:0.1685712387084961
training_accuracies_13:92.50166666666667
training_loss_13:0.004021416809471945
testing_accuracies_13:95.0
testing_loss_13:0.16813361358642578
training_accuracies_14:92.46
training_loss_14:0.004028297276298205
testing_accuracies_14:95.03
testing_loss_14:0.1678542282104492
training_accuracies_15:92.41166666666666
training_loss_15:0.00402014251096795
testing_accuracies_15:95.02
testing_loss_15:0.16765177154541017
