training_accuracies_1:77.71166666666667
training_loss_1:0.01195289473781983
testing_accuracies_1:91.43
testing_loss_1:0.2918743637084961
training_accuracies_2:88.74166666666666
training_loss_2:0.005896242391566436
testing_accuracies_2:93.19
testing_loss_2:0.2280360107421875
training_accuracies_3:90.445
training_loss_3:0.00502462186117967
testing_accuracies_3:93.85
testing_loss_3:0.20115916595458985
training_accuracies_4:91.23166666666667
training_loss_4:0.004597415318091711
testing_accuracies_4:94.4
testing_loss_4:0.18536683502197265
training_accuracies_5:91.78833333333333
training_loss_5:0.004354520698264241
testing_accuracies_5:94.63
testing_loss_5:0.17695872955322264
training_accuracies_6:92.01833333333333
training_loss_6:0.004190146004905303
testing_accuracies_6:94.88
testing_loss_6:0.1717169876098633
training_accuracies_7:92.35666666666667
training_loss_7:0.004114894216383497
testing_accuracies_7:94.98
testing_loss_7:0.16780455474853515
training_accuracies_8:92.39
training_loss_8:0.003981872943167885
testing_accuracies_8:95.12
testing_loss_8:0.1645460906982422
training_accuracies_9:92.625
training_loss_9:0.003916428844258189
testing_accuracies_9:95.14
testing_loss_9:0.16283172454833986
training_accuracies_10:92.61666666666666
training_loss_10:0.00393195610170563
testing_accuracies_10:95.22
testing_loss_10:0.1615621810913086
training_accuracies_11:92.62666666666667
training_loss_11:0.003924304936950405
testing_accuracies_11:95.23
testing_loss_11:0.16080460052490234
training_accuracies_12:92.67
training_loss_12:0.003891976504524549
testing_accuracies_12:95.27
testing_loss_12:0.1603452651977539
training_accuracies_13:92.83166666666666
training_loss_13:0.003844737879745662
testing_accuracies_13:95.25
testing_loss_13:0.15992838745117188
training_accuracies_14:92.65
training_loss_14:0.0038903194872041543
testing_accuracies_14:95.27
testing_loss_14:0.15965347595214843
training_accuracies_15:92.68166666666667
training_loss_15:0.0038680774715418617
testing_accuracies_15:95.29
testing_loss_15:0.1593589065551758
